{
 "cells": [
  {
   "cell_type": "markdown",
   "metadata": {
    "deletable": true,
    "editable": true
   },
   "source": [
    "# FE621 Final Exam\n",
    "\n",
    "Student: Yuxuan Xia\n",
    "\n",
    "Supervisor: Ionut Florescu\n",
    "\n",
    "Date: Aug/12/2018\n",
    "\n",
    "Platform: Quantopian\n",
    "\n",
    "Notice: Due to the fact that we cannot query stock prices easily from the local environment (PC), I decided to use quantopian notebook to address this problem as it has a robust python environment as well as a whole bunch of data available for downloading."
   ]
  },
  {
   "cell_type": "markdown",
   "metadata": {
    "deletable": true,
    "editable": true
   },
   "source": [
    "## Problem B. Principal Component Analysis."
   ]
  },
  {
   "cell_type": "markdown",
   "metadata": {
    "deletable": true,
    "editable": true
   },
   "source": [
    "### 1. Download daily prices for the components of DJIA for the last 5 years. Construct the corresponding matrix of standardized returns."
   ]
  },
  {
   "cell_type": "markdown",
   "metadata": {
    "deletable": true,
    "editable": true
   },
   "source": [
    "In this part, we use the built-in filter Q500US to substitute the components of DJIA.\n",
    "\n",
    "Here is the statement from Quantopian:\n",
    "\n",
    "\"We don't have a data source that provides those specific indices. They are actually **incredibly expensive** to buy - Dow Jones, S&P, Russel, etc. make a boatload of money charging to use the constituents. We provide some smart alternatives that are better for quant trading purposes. Check out the Q500US, Q1500US, and Q3000US.\"\n",
    "\n",
    "And this answers why replicate DJIA is such a profitable thing."
   ]
  },
  {
   "cell_type": "code",
   "execution_count": 1,
   "metadata": {
    "collapsed": true,
    "deletable": true,
    "editable": true
   },
   "outputs": [],
   "source": [
    "from quantopian.research import run_pipeline\n",
    "\n",
    "\n",
    "# from quantopian.pipeline import Pipeline\n",
    "# from quantopian.pipeline.data import morningstar, USEquityPricing\n",
    "# from quantopian.pipeline.factors import Latest, CustomFactor, SimpleMovingAverage, AverageDollarVolume, Returns, RSI\n",
    "# from quantopian.pipeline.classifiers.morningstar import Sector\n",
    "# from quantopian.pipeline.filters import Q500US, Q1500US, QTradableStocksUS\n",
    "\n",
    "from quantopian.pipeline import data,Pipeline\n",
    "from quantopian.pipeline import filters\n",
    "from quantopian.pipeline import factors\n",
    "from quantopian.pipeline import classifiers\n",
    "\n",
    "\n",
    "\n",
    "import pandas as pd\n",
    "import seaborn as sns; sns.set()\n",
    "\n",
    "import numpy as np\n",
    "import scipy as sp\n",
    "from time import time\n",
    "\n",
    "import alphalens as al\n",
    "from scipy import stats\n",
    "import matplotlib.pyplot as plt\n",
    "from sklearn.decomposition import PCA\n",
    "\n",
    "# from Ipython import display\n",
    "from sklearn import linear_model, decomposition, ensemble, preprocessing, isotonic, metrics\n"
   ]
  },
  {
   "cell_type": "code",
   "execution_count": 2,
   "metadata": {
    "collapsed": false,
    "deletable": true,
    "editable": true
   },
   "outputs": [],
   "source": [
    "from quantopian.research import local_csv"
   ]
  },
  {
   "cell_type": "code",
   "execution_count": 3,
   "metadata": {
    "collapsed": false,
    "deletable": true,
    "editable": true
   },
   "outputs": [
    {
     "data": {
      "text/html": [
       "<div>\n",
       "<table border=\"1\" class=\"dataframe\">\n",
       "  <thead>\n",
       "    <tr style=\"text-align: right;\">\n",
       "      <th></th>\n",
       "      <th>﻿Symbol</th>\n",
       "      <th>Company Name</th>\n",
       "      <th>Last Price</th>\n",
       "      <th>Change</th>\n",
       "      <th>% Change</th>\n",
       "      <th>Volume</th>\n",
       "    </tr>\n",
       "  </thead>\n",
       "  <tbody>\n",
       "    <tr>\n",
       "      <th>0</th>\n",
       "      <td>PG</td>\n",
       "      <td>The Procter &amp; Gamble Company</td>\n",
       "      <td>81.47</td>\n",
       "      <td>0.04</td>\n",
       "      <td>0.05%</td>\n",
       "      <td>3,025,104</td>\n",
       "    </tr>\n",
       "    <tr>\n",
       "      <th>1</th>\n",
       "      <td>INTC</td>\n",
       "      <td>Intel Corporation</td>\n",
       "      <td>48.82</td>\n",
       "      <td>-0.03</td>\n",
       "      <td>-0.06%</td>\n",
       "      <td>9,156,081</td>\n",
       "    </tr>\n",
       "    <tr>\n",
       "      <th>2</th>\n",
       "      <td>DIS</td>\n",
       "      <td>The Walt Disney Company</td>\n",
       "      <td>112.61</td>\n",
       "      <td>-0.07</td>\n",
       "      <td>-0.06%</td>\n",
       "      <td>3,615,567</td>\n",
       "    </tr>\n",
       "    <tr>\n",
       "      <th>3</th>\n",
       "      <td>BA</td>\n",
       "      <td>The Boeing Company</td>\n",
       "      <td>339.15</td>\n",
       "      <td>-0.26</td>\n",
       "      <td>-0.08%</td>\n",
       "      <td>1,237,816</td>\n",
       "    </tr>\n",
       "    <tr>\n",
       "      <th>4</th>\n",
       "      <td>CAT</td>\n",
       "      <td>Caterpillar Inc.</td>\n",
       "      <td>135.68</td>\n",
       "      <td>-0.24</td>\n",
       "      <td>-0.18%</td>\n",
       "      <td>2,514,744</td>\n",
       "    </tr>\n",
       "  </tbody>\n",
       "</table>\n",
       "</div>"
      ],
      "text/plain": [
       "  ﻿Symbol                  Company Name  Last Price  Change % Change  \\\n",
       "0      PG  The Procter & Gamble Company       81.47    0.04    0.05%   \n",
       "1    INTC             Intel Corporation       48.82   -0.03   -0.06%   \n",
       "2     DIS       The Walt Disney Company      112.61   -0.07   -0.06%   \n",
       "3      BA            The Boeing Company      339.15   -0.26   -0.08%   \n",
       "4     CAT              Caterpillar Inc.      135.68   -0.24   -0.18%   \n",
       "\n",
       "      Volume  \n",
       "0  3,025,104  \n",
       "1  9,156,081  \n",
       "2  3,615,567  \n",
       "3  1,237,816  \n",
       "4  2,514,744  "
      ]
     },
     "execution_count": 3,
     "metadata": {},
     "output_type": "execute_result"
    }
   ],
   "source": [
    "components_df = local_csv(\"DJIA_components.csv\")\n",
    "components_df.head()"
   ]
  },
  {
   "cell_type": "code",
   "execution_count": 4,
   "metadata": {
    "collapsed": true
   },
   "outputs": [],
   "source": [
    "components_list = components_df.iloc[:,0].values[:]"
   ]
  },
  {
   "cell_type": "code",
   "execution_count": 5,
   "metadata": {
    "collapsed": false,
    "deletable": true,
    "editable": true
   },
   "outputs": [],
   "source": [
    "from quantopian.research import returns"
   ]
  },
  {
   "cell_type": "code",
   "execution_count": 6,
   "metadata": {
    "collapsed": true,
    "deletable": true,
    "editable": true
   },
   "outputs": [],
   "source": [
    "start = pd.Timestamp(\"2013-05-01\")\n",
    "end = pd.Timestamp(\"2018-05-01\")"
   ]
  },
  {
   "cell_type": "code",
   "execution_count": 7,
   "metadata": {
    "collapsed": false,
    "deletable": true,
    "editable": true
   },
   "outputs": [
    {
     "data": {
      "text/plain": [
       "(1260, 30)"
      ]
     },
     "execution_count": 7,
     "metadata": {},
     "output_type": "execute_result"
    }
   ],
   "source": [
    "returns_df = returns(components_list,start,end)\n",
    "returns_df.shape"
   ]
  },
  {
   "cell_type": "code",
   "execution_count": 8,
   "metadata": {
    "collapsed": false,
    "deletable": true,
    "editable": true
   },
   "outputs": [],
   "source": [
    "returns_df = returns_df.fillna(returns_df.mean(axis=0))"
   ]
  },
  {
   "cell_type": "code",
   "execution_count": 9,
   "metadata": {
    "collapsed": false
   },
   "outputs": [
    {
     "data": {
      "text/html": [
       "<div>\n",
       "<table border=\"1\" class=\"dataframe\">\n",
       "  <thead>\n",
       "    <tr style=\"text-align: right;\">\n",
       "      <th></th>\n",
       "      <th>Equity(5938 [PG])</th>\n",
       "      <th>Equity(3951 [INTC])</th>\n",
       "      <th>Equity(2190 [DIS])</th>\n",
       "      <th>Equity(698 [BA])</th>\n",
       "      <th>Equity(1267 [CAT])</th>\n",
       "      <th>Equity(4151 [JNJ])</th>\n",
       "      <th>Equity(5923 [PFE])</th>\n",
       "      <th>Equity(21839 [VZ])</th>\n",
       "      <th>Equity(8089 [WBA])</th>\n",
       "      <th>Equity(23112 [CVX])</th>\n",
       "      <th>...</th>\n",
       "      <th>Equity(7792 [UNH])</th>\n",
       "      <th>Equity(7883 [UTX])</th>\n",
       "      <th>Equity(8347 [XOM])</th>\n",
       "      <th>Equity(20088 [GS])</th>\n",
       "      <th>Equity(4922 [MMM])</th>\n",
       "      <th>Equity(3766 [IBM])</th>\n",
       "      <th>Equity(25006 [JPM])</th>\n",
       "      <th>Equity(5029 [MRK])</th>\n",
       "      <th>Equity(24 [AAPL])</th>\n",
       "      <th>Equity(51157 [DWDP])</th>\n",
       "    </tr>\n",
       "  </thead>\n",
       "  <tbody>\n",
       "    <tr>\n",
       "      <th>2013-05-01 00:00:00+00:00</th>\n",
       "      <td>0.003129</td>\n",
       "      <td>0.001660</td>\n",
       "      <td>0.004766</td>\n",
       "      <td>-0.002075</td>\n",
       "      <td>-0.018902</td>\n",
       "      <td>-0.011621</td>\n",
       "      <td>-0.005501</td>\n",
       "      <td>-0.028217</td>\n",
       "      <td>-0.011114</td>\n",
       "      <td>-0.012069</td>\n",
       "      <td>...</td>\n",
       "      <td>-0.003669</td>\n",
       "      <td>-0.001749</td>\n",
       "      <td>-0.014194</td>\n",
       "      <td>-0.023320</td>\n",
       "      <td>-0.001434</td>\n",
       "      <td>-0.013774</td>\n",
       "      <td>-0.019804</td>\n",
       "      <td>-0.028073</td>\n",
       "      <td>-0.007590</td>\n",
       "      <td>-0.000008</td>\n",
       "    </tr>\n",
       "    <tr>\n",
       "      <th>2013-05-02 00:00:00+00:00</th>\n",
       "      <td>0.009739</td>\n",
       "      <td>0.005020</td>\n",
       "      <td>0.011553</td>\n",
       "      <td>0.010744</td>\n",
       "      <td>0.014449</td>\n",
       "      <td>0.011171</td>\n",
       "      <td>0.012384</td>\n",
       "      <td>0.002494</td>\n",
       "      <td>-0.001622</td>\n",
       "      <td>0.013551</td>\n",
       "      <td>...</td>\n",
       "      <td>-0.004028</td>\n",
       "      <td>0.007242</td>\n",
       "      <td>0.012230</td>\n",
       "      <td>0.006558</td>\n",
       "      <td>0.014375</td>\n",
       "      <td>0.013217</td>\n",
       "      <td>0.001873</td>\n",
       "      <td>0.000437</td>\n",
       "      <td>0.013961</td>\n",
       "      <td>-0.000008</td>\n",
       "    </tr>\n",
       "    <tr>\n",
       "      <th>2013-05-03 00:00:00+00:00</th>\n",
       "      <td>0.005667</td>\n",
       "      <td>0.002910</td>\n",
       "      <td>0.014402</td>\n",
       "      <td>0.016912</td>\n",
       "      <td>0.032638</td>\n",
       "      <td>0.007163</td>\n",
       "      <td>-0.010561</td>\n",
       "      <td>0.002655</td>\n",
       "      <td>-0.017800</td>\n",
       "      <td>0.011724</td>\n",
       "      <td>...</td>\n",
       "      <td>-0.009254</td>\n",
       "      <td>0.015163</td>\n",
       "      <td>0.016021</td>\n",
       "      <td>0.011913</td>\n",
       "      <td>0.016375</td>\n",
       "      <td>0.009833</td>\n",
       "      <td>-0.010391</td>\n",
       "      <td>-0.001310</td>\n",
       "      <td>0.009797</td>\n",
       "      <td>-0.000008</td>\n",
       "    </tr>\n",
       "    <tr>\n",
       "      <th>2013-05-06 00:00:00+00:00</th>\n",
       "      <td>-0.005500</td>\n",
       "      <td>-0.002273</td>\n",
       "      <td>0.004160</td>\n",
       "      <td>0.004809</td>\n",
       "      <td>0.006789</td>\n",
       "      <td>-0.012362</td>\n",
       "      <td>-0.008077</td>\n",
       "      <td>-0.011951</td>\n",
       "      <td>-0.003124</td>\n",
       "      <td>-0.001627</td>\n",
       "      <td>...</td>\n",
       "      <td>0.021897</td>\n",
       "      <td>0.004078</td>\n",
       "      <td>0.006444</td>\n",
       "      <td>0.021890</td>\n",
       "      <td>0.000838</td>\n",
       "      <td>-0.007780</td>\n",
       "      <td>0.012389</td>\n",
       "      <td>-0.014686</td>\n",
       "      <td>0.024093</td>\n",
       "      <td>-0.000008</td>\n",
       "    </tr>\n",
       "    <tr>\n",
       "      <th>2013-05-07 00:00:00+00:00</th>\n",
       "      <td>0.002441</td>\n",
       "      <td>0.010420</td>\n",
       "      <td>0.015306</td>\n",
       "      <td>0.006365</td>\n",
       "      <td>0.024997</td>\n",
       "      <td>0.009560</td>\n",
       "      <td>0.011300</td>\n",
       "      <td>0.016707</td>\n",
       "      <td>0.027995</td>\n",
       "      <td>-0.001541</td>\n",
       "      <td>...</td>\n",
       "      <td>0.004660</td>\n",
       "      <td>0.003953</td>\n",
       "      <td>0.005856</td>\n",
       "      <td>0.005796</td>\n",
       "      <td>0.001204</td>\n",
       "      <td>0.003454</td>\n",
       "      <td>0.019916</td>\n",
       "      <td>0.006004</td>\n",
       "      <td>-0.004595</td>\n",
       "      <td>-0.000008</td>\n",
       "    </tr>\n",
       "  </tbody>\n",
       "</table>\n",
       "<p>5 rows × 30 columns</p>\n",
       "</div>"
      ],
      "text/plain": [
       "                           Equity(5938 [PG])  Equity(3951 [INTC])  \\\n",
       "2013-05-01 00:00:00+00:00           0.003129             0.001660   \n",
       "2013-05-02 00:00:00+00:00           0.009739             0.005020   \n",
       "2013-05-03 00:00:00+00:00           0.005667             0.002910   \n",
       "2013-05-06 00:00:00+00:00          -0.005500            -0.002273   \n",
       "2013-05-07 00:00:00+00:00           0.002441             0.010420   \n",
       "\n",
       "                           Equity(2190 [DIS])  Equity(698 [BA])  \\\n",
       "2013-05-01 00:00:00+00:00            0.004766         -0.002075   \n",
       "2013-05-02 00:00:00+00:00            0.011553          0.010744   \n",
       "2013-05-03 00:00:00+00:00            0.014402          0.016912   \n",
       "2013-05-06 00:00:00+00:00            0.004160          0.004809   \n",
       "2013-05-07 00:00:00+00:00            0.015306          0.006365   \n",
       "\n",
       "                           Equity(1267 [CAT])  Equity(4151 [JNJ])  \\\n",
       "2013-05-01 00:00:00+00:00           -0.018902           -0.011621   \n",
       "2013-05-02 00:00:00+00:00            0.014449            0.011171   \n",
       "2013-05-03 00:00:00+00:00            0.032638            0.007163   \n",
       "2013-05-06 00:00:00+00:00            0.006789           -0.012362   \n",
       "2013-05-07 00:00:00+00:00            0.024997            0.009560   \n",
       "\n",
       "                           Equity(5923 [PFE])  Equity(21839 [VZ])  \\\n",
       "2013-05-01 00:00:00+00:00           -0.005501           -0.028217   \n",
       "2013-05-02 00:00:00+00:00            0.012384            0.002494   \n",
       "2013-05-03 00:00:00+00:00           -0.010561            0.002655   \n",
       "2013-05-06 00:00:00+00:00           -0.008077           -0.011951   \n",
       "2013-05-07 00:00:00+00:00            0.011300            0.016707   \n",
       "\n",
       "                           Equity(8089 [WBA])  Equity(23112 [CVX])  \\\n",
       "2013-05-01 00:00:00+00:00           -0.011114            -0.012069   \n",
       "2013-05-02 00:00:00+00:00           -0.001622             0.013551   \n",
       "2013-05-03 00:00:00+00:00           -0.017800             0.011724   \n",
       "2013-05-06 00:00:00+00:00           -0.003124            -0.001627   \n",
       "2013-05-07 00:00:00+00:00            0.027995            -0.001541   \n",
       "\n",
       "                                   ...           Equity(7792 [UNH])  \\\n",
       "2013-05-01 00:00:00+00:00          ...                    -0.003669   \n",
       "2013-05-02 00:00:00+00:00          ...                    -0.004028   \n",
       "2013-05-03 00:00:00+00:00          ...                    -0.009254   \n",
       "2013-05-06 00:00:00+00:00          ...                     0.021897   \n",
       "2013-05-07 00:00:00+00:00          ...                     0.004660   \n",
       "\n",
       "                           Equity(7883 [UTX])  Equity(8347 [XOM])  \\\n",
       "2013-05-01 00:00:00+00:00           -0.001749           -0.014194   \n",
       "2013-05-02 00:00:00+00:00            0.007242            0.012230   \n",
       "2013-05-03 00:00:00+00:00            0.015163            0.016021   \n",
       "2013-05-06 00:00:00+00:00            0.004078            0.006444   \n",
       "2013-05-07 00:00:00+00:00            0.003953            0.005856   \n",
       "\n",
       "                           Equity(20088 [GS])  Equity(4922 [MMM])  \\\n",
       "2013-05-01 00:00:00+00:00           -0.023320           -0.001434   \n",
       "2013-05-02 00:00:00+00:00            0.006558            0.014375   \n",
       "2013-05-03 00:00:00+00:00            0.011913            0.016375   \n",
       "2013-05-06 00:00:00+00:00            0.021890            0.000838   \n",
       "2013-05-07 00:00:00+00:00            0.005796            0.001204   \n",
       "\n",
       "                           Equity(3766 [IBM])  Equity(25006 [JPM])  \\\n",
       "2013-05-01 00:00:00+00:00           -0.013774            -0.019804   \n",
       "2013-05-02 00:00:00+00:00            0.013217             0.001873   \n",
       "2013-05-03 00:00:00+00:00            0.009833            -0.010391   \n",
       "2013-05-06 00:00:00+00:00           -0.007780             0.012389   \n",
       "2013-05-07 00:00:00+00:00            0.003454             0.019916   \n",
       "\n",
       "                           Equity(5029 [MRK])  Equity(24 [AAPL])  \\\n",
       "2013-05-01 00:00:00+00:00           -0.028073          -0.007590   \n",
       "2013-05-02 00:00:00+00:00            0.000437           0.013961   \n",
       "2013-05-03 00:00:00+00:00           -0.001310           0.009797   \n",
       "2013-05-06 00:00:00+00:00           -0.014686           0.024093   \n",
       "2013-05-07 00:00:00+00:00            0.006004          -0.004595   \n",
       "\n",
       "                           Equity(51157 [DWDP])  \n",
       "2013-05-01 00:00:00+00:00             -0.000008  \n",
       "2013-05-02 00:00:00+00:00             -0.000008  \n",
       "2013-05-03 00:00:00+00:00             -0.000008  \n",
       "2013-05-06 00:00:00+00:00             -0.000008  \n",
       "2013-05-07 00:00:00+00:00             -0.000008  \n",
       "\n",
       "[5 rows x 30 columns]"
      ]
     },
     "execution_count": 9,
     "metadata": {},
     "output_type": "execute_result"
    }
   ],
   "source": [
    "returns_df.head()"
   ]
  },
  {
   "cell_type": "code",
   "execution_count": 10,
   "metadata": {
    "collapsed": false,
    "deletable": true,
    "editable": true
   },
   "outputs": [
    {
     "data": {
      "text/plain": [
       "(30, 1260)"
      ]
     },
     "execution_count": 10,
     "metadata": {},
     "output_type": "execute_result"
    }
   ],
   "source": [
    "return_matrix = returns_df.values.T # (n_assets, n_days)\n",
    "return_matrix.shape"
   ]
  },
  {
   "cell_type": "code",
   "execution_count": 11,
   "metadata": {
    "collapsed": false,
    "deletable": true,
    "editable": true
   },
   "outputs": [],
   "source": [
    "return_mean = return_matrix.mean(axis=1)\n",
    "return_std = return_matrix.std(axis=1)"
   ]
  },
  {
   "cell_type": "code",
   "execution_count": 12,
   "metadata": {
    "collapsed": false,
    "deletable": true,
    "editable": true
   },
   "outputs": [],
   "source": [
    "return_zscore = (return_matrix - return_mean[:,np.newaxis])/return_std[:,np.newaxis]"
   ]
  },
  {
   "cell_type": "code",
   "execution_count": 13,
   "metadata": {
    "collapsed": false,
    "deletable": true,
    "editable": true
   },
   "outputs": [
    {
     "data": {
      "text/plain": [
       "array([[  3.43535718e-01,   1.09626922e+00,   6.32478105e-01, ...,\n",
       "          9.67363210e-02,  -7.79108617e-01,  -6.58346545e-01],\n",
       "       [  5.48332176e-02,   2.86505086e-01,   1.41004563e-01, ...,\n",
       "         -4.62481494e-01,  -1.51063669e+00,   2.21046811e+00],\n",
       "       [  3.65467980e-01,   9.45726016e-01,   1.18928711e+00, ...,\n",
       "         -5.81434635e-01,   9.31784361e-01,  -3.23138840e-01],\n",
       "       ..., \n",
       "       [ -2.33864021e+00,   5.72876952e-03,  -1.37914842e-01, ...,\n",
       "          3.90009959e-02,  -8.18352476e-01,  -1.34254261e+00],\n",
       "       [ -5.90974896e-01,   8.97976392e-01,   6.10342224e-01, ...,\n",
       "         -8.61702700e-01,   1.18048021e+00,   1.49700269e+00],\n",
       "       [ -1.55625436e-19,  -1.55625436e-19,  -1.55625436e-19, ...,\n",
       "          7.44228324e-01,  -3.05225403e+00,  -6.08620890e-01]])"
      ]
     },
     "execution_count": 13,
     "metadata": {},
     "output_type": "execute_result"
    }
   ],
   "source": [
    "return_zscore"
   ]
  },
  {
   "cell_type": "markdown",
   "metadata": {
    "deletable": true,
    "editable": true
   },
   "source": [
    "### 2. Calculate the sample correlation matrix"
   ]
  },
  {
   "cell_type": "code",
   "execution_count": 14,
   "metadata": {
    "collapsed": true,
    "deletable": true,
    "editable": true
   },
   "outputs": [],
   "source": [
    "n_assets,n_days = return_zscore.shape"
   ]
  },
  {
   "cell_type": "code",
   "execution_count": 15,
   "metadata": {
    "collapsed": false,
    "deletable": true,
    "editable": true
   },
   "outputs": [
    {
     "data": {
      "text/plain": [
       "30"
      ]
     },
     "execution_count": 15,
     "metadata": {},
     "output_type": "execute_result"
    }
   ],
   "source": [
    "n_assets"
   ]
  },
  {
   "cell_type": "code",
   "execution_count": 16,
   "metadata": {
    "collapsed": false,
    "deletable": true,
    "editable": true
   },
   "outputs": [
    {
     "data": {
      "text/plain": [
       "1260"
      ]
     },
     "execution_count": 16,
     "metadata": {},
     "output_type": "execute_result"
    }
   ],
   "source": [
    "n_days"
   ]
  },
  {
   "cell_type": "code",
   "execution_count": 17,
   "metadata": {
    "collapsed": true,
    "deletable": true,
    "editable": true
   },
   "outputs": [],
   "source": [
    "correlation_matrix = 1/n_days * np.dot(return_zscore,return_zscore.T)"
   ]
  },
  {
   "cell_type": "code",
   "execution_count": 18,
   "metadata": {
    "collapsed": false,
    "deletable": true,
    "editable": true
   },
   "outputs": [],
   "source": [
    "return_corr = np.dot(return_zscore,return_zscore.T)/n_days # our calculation"
   ]
  },
  {
   "cell_type": "code",
   "execution_count": 19,
   "metadata": {
    "collapsed": false,
    "deletable": true,
    "editable": true
   },
   "outputs": [],
   "source": [
    "return_pearson = np.corrcoef(return_zscore) # Pearson's correlation coefficients from numpy library"
   ]
  },
  {
   "cell_type": "code",
   "execution_count": 20,
   "metadata": {
    "collapsed": false,
    "deletable": true,
    "editable": true,
    "scrolled": true
   },
   "outputs": [
    {
     "data": {
      "text/plain": [
       "array([[ 1.        ,  0.31651063,  0.34586084,  0.32744702,  0.26611145,\n",
       "         0.48806812,  0.351679  ,  0.38917167,  0.30445375,  0.36184289,\n",
       "         0.38448321,  0.57556357,  0.35145663,  0.38805311,  0.35939783,\n",
       "         0.31597283,  0.29446122,  0.43464852,  0.37044373,  0.27587018,\n",
       "         0.30131465,  0.3570394 ,  0.39275277,  0.30269319,  0.42965042,\n",
       "         0.33259687,  0.31365427,  0.3344719 ,  0.26678955,  0.17959299],\n",
       "       [ 0.31651063,  1.        ,  0.37164166,  0.36233481,  0.38965603,\n",
       "         0.35826017,  0.34300929,  0.31761936,  0.25674025,  0.36440369,\n",
       "         0.30666765,  0.310466  ,  0.37354248,  0.23531045,  0.51762388,\n",
       "         0.48149235,  0.27267515,  0.36179328,  0.39445492,  0.3531561 ,\n",
       "         0.30556945,  0.39742359,  0.3785358 ,  0.42148057,  0.45777421,\n",
       "         0.4031579 ,  0.42345356,  0.29867029,  0.36177763,  0.25273558],\n",
       "       [ 0.34586084,  0.37164166,  1.        ,  0.42182501,  0.34194208,\n",
       "         0.38052498,  0.3696546 ,  0.35670697,  0.33555422,  0.36063894,\n",
       "         0.32349592,  0.34547603,  0.43419338,  0.28016715,  0.35309899,\n",
       "         0.4048259 ,  0.40284256,  0.4272286 ,  0.42160909,  0.39414143,\n",
       "         0.34881572,  0.42628305,  0.39742775,  0.47147455,  0.43548365,\n",
       "         0.36594066,  0.47779378,  0.30275101,  0.30078365,  0.19512212],\n",
       "       [ 0.32744702,  0.36233481,  0.42182501,  1.        ,  0.44265077,\n",
       "         0.40209163,  0.32521566,  0.31125823,  0.30986919,  0.37516523,\n",
       "         0.3192577 ,  0.32580116,  0.39575503,  0.26227786,  0.34218842,\n",
       "         0.36523094,  0.34089476,  0.39781751,  0.41981637,  0.40459689,\n",
       "         0.36578006,  0.55618914,  0.38502304,  0.48919391,  0.50715062,\n",
       "         0.37990204,  0.49120299,  0.2974873 ,  0.33389128,  0.26115068],\n",
       "       [ 0.26611145,  0.38965603,  0.34194208,  0.44265077,  1.        ,\n",
       "         0.33108464,  0.29309764,  0.27677751,  0.23254404,  0.52925509,\n",
       "         0.31834238,  0.24261807,  0.36213576,  0.21001521,  0.3827435 ,\n",
       "         0.39053225,  0.27442281,  0.37824121,  0.36375301,  0.41518866,\n",
       "         0.28792626,  0.49307674,  0.51614484,  0.52625397,  0.49809669,\n",
       "         0.38207636,  0.51620536,  0.26947165,  0.34356317,  0.27440697],\n",
       "       [ 0.48806812,  0.35826017,  0.38052498,  0.40209163,  0.33108464,\n",
       "         1.        ,  0.54579478,  0.41497892,  0.37487872,  0.39277393,\n",
       "         0.42614924,  0.42841632,  0.42291569,  0.35499207,  0.36841227,\n",
       "         0.39305097,  0.3453336 ,  0.46098057,  0.4499695 ,  0.40246175,\n",
       "         0.43304304,  0.46700136,  0.43543052,  0.41230514,  0.55586231,\n",
       "         0.39758497,  0.43967644,  0.49552351,  0.27502901,  0.21356111],\n",
       "       [ 0.351679  ,  0.34300929,  0.3696546 ,  0.32521566,  0.29309764,\n",
       "         0.54579478,  1.        ,  0.34322491,  0.35317967,  0.32988074,\n",
       "         0.31122401,  0.3245418 ,  0.40002508,  0.31053382,  0.32861033,\n",
       "         0.3381421 ,  0.31098803,  0.40553287,  0.4138451 ,  0.38778881,\n",
       "         0.44038238,  0.39910233,  0.37255933,  0.424557  ,  0.43304162,\n",
       "         0.32764647,  0.46466393,  0.53564703,  0.23967718,  0.19367639],\n",
       "       [ 0.38917167,  0.31761936,  0.35670697,  0.31125823,  0.27677751,\n",
       "         0.41497892,  0.34322491,  1.        ,  0.29965357,  0.34431261,\n",
       "         0.28419762,  0.4124737 ,  0.34655554,  0.31510742,  0.32917139,\n",
       "         0.30220019,  0.27790168,  0.38982356,  0.28609442,  0.28430247,\n",
       "         0.22759324,  0.34783498,  0.35860466,  0.31557578,  0.39650615,\n",
       "         0.3445919 ,  0.34398069,  0.35885892,  0.18951081,  0.18193012],\n",
       "       [ 0.30445375,  0.25674025,  0.33555422,  0.30986919,  0.23254404,\n",
       "         0.37487872,  0.35317967,  0.29965357,  1.        ,  0.26144123,\n",
       "         0.26445521,  0.26028059,  0.35977744,  0.28715378,  0.31469984,\n",
       "         0.28362227,  0.28755663,  0.32158276,  0.32611778,  0.29883167,\n",
       "         0.32887445,  0.34361865,  0.24553689,  0.35567907,  0.33537083,\n",
       "         0.24574882,  0.33596027,  0.3189372 ,  0.26096852,  0.1033203 ],\n",
       "       [ 0.36184289,  0.36440369,  0.36063894,  0.37516523,  0.52925509,\n",
       "         0.39277393,  0.32988074,  0.34431261,  0.26144123,  1.        ,\n",
       "         0.30233938,  0.33916305,  0.3496116 ,  0.20743997,  0.34299995,\n",
       "         0.38143307,  0.24660333,  0.39282228,  0.36174794,  0.33568831,\n",
       "         0.31048994,  0.41110346,  0.77178262,  0.46615808,  0.43311119,\n",
       "         0.38638158,  0.49538752,  0.32771816,  0.26932871,  0.22926211],\n",
       "       [ 0.38448321,  0.30666765,  0.32349592,  0.3192577 ,  0.31834238,\n",
       "         0.42614924,  0.31122401,  0.28419762,  0.26445521,  0.30233938,\n",
       "         1.        ,  0.43634912,  0.40585453,  0.30231   ,  0.37636101,\n",
       "         0.31983771,  0.3293421 ,  0.40046431,  0.38708705,  0.27282943,\n",
       "         0.3051452 ,  0.32501183,  0.33020011,  0.33568914,  0.40497773,\n",
       "         0.30601109,  0.36169124,  0.31037648,  0.27641311,  0.14139388],\n",
       "       [ 0.57556357,  0.310466  ,  0.34547603,  0.32580116,  0.24261807,\n",
       "         0.42841632,  0.3245418 ,  0.4124737 ,  0.26028059,  0.33916305,\n",
       "         0.43634912,  1.        ,  0.34812826,  0.35575428,  0.33198986,\n",
       "         0.3208922 ,  0.30689949,  0.46981546,  0.33853726,  0.2909043 ,\n",
       "         0.28071213,  0.36966819,  0.35039151,  0.28570681,  0.42356493,\n",
       "         0.32527396,  0.30102966,  0.31800277,  0.21973939,  0.1529338 ],\n",
       "       [ 0.35145663,  0.37354248,  0.43419338,  0.39575503,  0.36213576,\n",
       "         0.42291569,  0.40002508,  0.34655554,  0.35977744,  0.3496116 ,\n",
       "         0.40585453,  0.34812826,  1.        ,  0.37946553,  0.39589668,\n",
       "         0.38063995,  0.4645759 ,  0.4530742 ,  0.45620943,  0.41248481,\n",
       "         0.38809792,  0.43732741,  0.35508502,  0.452369  ,  0.47995126,\n",
       "         0.35617215,  0.46582369,  0.31271199,  0.3257026 ,  0.26478169],\n",
       "       [ 0.38805311,  0.23531045,  0.28016715,  0.26227786,  0.21001521,\n",
       "         0.35499207,  0.31053382,  0.31510742,  0.28715378,  0.20743997,\n",
       "         0.30231   ,  0.35575428,  0.37946553,  1.        ,  0.25062165,\n",
       "         0.30470564,  0.27598856,  0.31156949,  0.27711501,  0.23807702,\n",
       "         0.29225296,  0.33087211,  0.24194557,  0.23360348,  0.32571233,\n",
       "         0.267631  ,  0.2694766 ,  0.2840055 ,  0.2101603 ,  0.17969822],\n",
       "       [ 0.35939783,  0.51762388,  0.35309899,  0.34218842,  0.3827435 ,\n",
       "         0.36841227,  0.32861033,  0.32917139,  0.31469984,  0.34299995,\n",
       "         0.37636101,  0.33198986,  0.39589668,  0.25062165,  1.        ,\n",
       "         0.46259065,  0.32533754,  0.38718334,  0.47190319,  0.36268388,\n",
       "         0.34644877,  0.39685857,  0.32902337,  0.43029936,  0.44057855,\n",
       "         0.41073585,  0.4446318 ,  0.27744631,  0.40671951,  0.2069403 ],\n",
       "       [ 0.31597283,  0.48149235,  0.4048259 ,  0.36523094,  0.39053225,\n",
       "         0.39305097,  0.3381421 ,  0.30220019,  0.28362227,  0.38143307,\n",
       "         0.31983771,  0.3208922 ,  0.38063995,  0.30470564,  0.46259065,\n",
       "         1.        ,  0.31194508,  0.36956844,  0.41835137,  0.33870599,\n",
       "         0.32261621,  0.43223705,  0.37398943,  0.41838437,  0.46387084,\n",
       "         0.43063501,  0.45785466,  0.32057727,  0.36834778,  0.24830144],\n",
       "       [ 0.29446122,  0.27267515,  0.40284256,  0.34089476,  0.27442281,\n",
       "         0.3453336 ,  0.31098803,  0.27790168,  0.28755663,  0.24660333,\n",
       "         0.3293421 ,  0.30689949,  0.4645759 ,  0.27598856,  0.32533754,\n",
       "         0.31194508,  1.        ,  0.35419103,  0.39685037,  0.36121458,\n",
       "         0.32494416,  0.35722988,  0.25557219,  0.36950274,  0.36525071,\n",
       "         0.27513075,  0.38542462,  0.25981646,  0.26181453,  0.16255843],\n",
       "       [ 0.43464852,  0.36179328,  0.4272286 ,  0.39781751,  0.37824121,\n",
       "         0.46098057,  0.40553287,  0.38982356,  0.32158276,  0.39282228,\n",
       "         0.40046431,  0.46981546,  0.4530742 ,  0.31156949,  0.38718334,\n",
       "         0.36956844,  0.35419103,  1.        ,  0.4246406 ,  0.39452036,\n",
       "         0.40700957,  0.49315398,  0.42128101,  0.52370184,  0.54237477,\n",
       "         0.41352416,  0.56406729,  0.34134668,  0.27512204,  0.18894422],\n",
       "       [ 0.37044373,  0.39445492,  0.42160909,  0.41981637,  0.36375301,\n",
       "         0.4499695 ,  0.4138451 ,  0.28609442,  0.32611778,  0.36174794,\n",
       "         0.38708705,  0.33853726,  0.45620943,  0.27711501,  0.47190319,\n",
       "         0.41835137,  0.39685037,  0.4246406 ,  1.        ,  0.47995061,\n",
       "         0.36461226,  0.46336691,  0.36056496,  0.500325  ,  0.47440569,\n",
       "         0.39326332,  0.48763863,  0.33739154,  0.35576926,  0.20323833],\n",
       "       [ 0.27587018,  0.3531561 ,  0.39414143,  0.40459689,  0.41518866,\n",
       "         0.40246175,  0.38778881,  0.28430247,  0.29883167,  0.33568831,\n",
       "         0.27282943,  0.2909043 ,  0.41248481,  0.23807702,  0.36268388,\n",
       "         0.33870599,  0.36121458,  0.39452036,  0.47995061,  1.        ,\n",
       "         0.37203914,  0.4618218 ,  0.32628137,  0.55882402,  0.44132485,\n",
       "         0.36183698,  0.57312768,  0.33282806,  0.25654301,  0.22145706],\n",
       "       [ 0.30131465,  0.30556945,  0.34881572,  0.36578006,  0.28792626,\n",
       "         0.43304304,  0.44038238,  0.22759324,  0.32887445,  0.31048994,\n",
       "         0.3051452 ,  0.28071213,  0.38809792,  0.29225296,  0.34644877,\n",
       "         0.32261621,  0.32494416,  0.40700957,  0.36461226,  0.37203914,\n",
       "         1.        ,  0.39282061,  0.32761376,  0.42864174,  0.4112608 ,\n",
       "         0.32384868,  0.44593312,  0.33967222,  0.29250554,  0.1938964 ],\n",
       "       [ 0.3570394 ,  0.39742359,  0.42628305,  0.55618914,  0.49307674,\n",
       "         0.46700136,  0.39910233,  0.34783498,  0.34361865,  0.41110346,\n",
       "         0.32501183,  0.36966819,  0.43732741,  0.33087211,  0.39685857,\n",
       "         0.43223705,  0.35722988,  0.49315398,  0.46336691,  0.4618218 ,\n",
       "         0.39282061,  1.        ,  0.41227965,  0.51067134,  0.58394579,\n",
       "         0.45055813,  0.51029489,  0.34251438,  0.32111532,  0.21669216],\n",
       "       [ 0.39275277,  0.3785358 ,  0.39742775,  0.38502304,  0.51614484,\n",
       "         0.43543052,  0.37255933,  0.35860466,  0.24553689,  0.77178262,\n",
       "         0.33020011,  0.35039151,  0.35508502,  0.24194557,  0.32902337,\n",
       "         0.37398943,  0.25557219,  0.42128101,  0.36056496,  0.32628137,\n",
       "         0.32761376,  0.41227965,  1.        ,  0.47019614,  0.47776953,\n",
       "         0.41851117,  0.49983035,  0.35121528,  0.26728427,  0.18761486],\n",
       "       [ 0.30269319,  0.42148057,  0.47147455,  0.48919391,  0.52625397,\n",
       "         0.41230514,  0.424557  ,  0.31557578,  0.35567907,  0.46615808,\n",
       "         0.33568914,  0.28570681,  0.452369  ,  0.23360348,  0.43029936,\n",
       "         0.41838437,  0.36950274,  0.52370184,  0.500325  ,  0.55882402,\n",
       "         0.42864174,  0.51067134,  0.47019614,  1.        ,  0.5014272 ,\n",
       "         0.45119263,  0.82234842,  0.40031076,  0.3586181 ,  0.22629277],\n",
       "       [ 0.42965042,  0.45777421,  0.43548365,  0.50715062,  0.49809669,\n",
       "         0.55586231,  0.43304162,  0.39650615,  0.33537083,  0.43311119,\n",
       "         0.40497773,  0.42356493,  0.47995126,  0.32571233,  0.44057855,\n",
       "         0.46387084,  0.36525071,  0.54237477,  0.47440569,  0.44132485,\n",
       "         0.4112608 ,  0.58394579,  0.47776953,  0.5014272 ,  1.        ,\n",
       "         0.43382349,  0.51774494,  0.38700751,  0.35391286,  0.30547661],\n",
       "       [ 0.33259687,  0.4031579 ,  0.36594066,  0.37990204,  0.38207636,\n",
       "         0.39758497,  0.32764647,  0.3445919 ,  0.24574882,  0.38638158,\n",
       "         0.30601109,  0.32527396,  0.35617215,  0.267631  ,  0.41073585,\n",
       "         0.43063501,  0.27513075,  0.41352416,  0.39326332,  0.36183698,\n",
       "         0.32384868,  0.45055813,  0.41851117,  0.45119263,  0.43382349,\n",
       "         1.        ,  0.45942977,  0.33698286,  0.29087499,  0.20153857],\n",
       "       [ 0.31365427,  0.42345356,  0.47779378,  0.49120299,  0.51620536,\n",
       "         0.43967644,  0.46466393,  0.34398069,  0.33596027,  0.49538752,\n",
       "         0.36169124,  0.30102966,  0.46582369,  0.2694766 ,  0.4446318 ,\n",
       "         0.45785466,  0.38542462,  0.56406729,  0.48763863,  0.57312768,\n",
       "         0.44593312,  0.51029489,  0.49983035,  0.82234842,  0.51774494,\n",
       "         0.45942977,  1.        ,  0.40106402,  0.34526306,  0.22443325],\n",
       "       [ 0.3344719 ,  0.29867029,  0.30275101,  0.2974873 ,  0.26947165,\n",
       "         0.49552351,  0.53564703,  0.35885892,  0.3189372 ,  0.32771816,\n",
       "         0.31037648,  0.31800277,  0.31271199,  0.2840055 ,  0.27744631,\n",
       "         0.32057727,  0.25981646,  0.34134668,  0.33739154,  0.33282806,\n",
       "         0.33967222,  0.34251438,  0.35121528,  0.40031076,  0.38700751,\n",
       "         0.33698286,  0.40106402,  1.        ,  0.21304751,  0.11393136],\n",
       "       [ 0.26678955,  0.36177763,  0.30078365,  0.33389128,  0.34356317,\n",
       "         0.27502901,  0.23967718,  0.18951081,  0.26096852,  0.26932871,\n",
       "         0.27641311,  0.21973939,  0.3257026 ,  0.2101603 ,  0.40671951,\n",
       "         0.36834778,  0.26181453,  0.27512204,  0.35576926,  0.25654301,\n",
       "         0.29250554,  0.32111532,  0.26728427,  0.3586181 ,  0.35391286,\n",
       "         0.29087499,  0.34526306,  0.21304751,  1.        ,  0.17780325],\n",
       "       [ 0.17959299,  0.25273558,  0.19512212,  0.26115068,  0.27440697,\n",
       "         0.21356111,  0.19367639,  0.18193012,  0.1033203 ,  0.22926211,\n",
       "         0.14139388,  0.1529338 ,  0.26478169,  0.17969822,  0.2069403 ,\n",
       "         0.24830144,  0.16255843,  0.18894422,  0.20323833,  0.22145706,\n",
       "         0.1938964 ,  0.21669216,  0.18761486,  0.22629277,  0.30547661,\n",
       "         0.20153857,  0.22443325,  0.11393136,  0.17780325,  1.        ]])"
      ]
     },
     "execution_count": 20,
     "metadata": {},
     "output_type": "execute_result"
    }
   ],
   "source": [
    "return_corr"
   ]
  },
  {
   "cell_type": "code",
   "execution_count": 21,
   "metadata": {
    "collapsed": false,
    "deletable": true,
    "editable": true
   },
   "outputs": [
    {
     "data": {
      "text/plain": [
       "array([[ 1.        ,  0.31651063,  0.34586084,  0.32744702,  0.26611145,\n",
       "         0.48806812,  0.351679  ,  0.38917167,  0.30445375,  0.36184289,\n",
       "         0.38448321,  0.57556357,  0.35145663,  0.38805311,  0.35939783,\n",
       "         0.31597283,  0.29446122,  0.43464852,  0.37044373,  0.27587018,\n",
       "         0.30131465,  0.3570394 ,  0.39275277,  0.30269319,  0.42965042,\n",
       "         0.33259687,  0.31365427,  0.3344719 ,  0.26678955,  0.17959299],\n",
